75819092
10121445
-25225267
65015264
54252289
-11449885
156862069
-274084189
134240232
380620828
-119507577
114819134
-5164933
-120790234
-14292698
-27413139
190574475
-237605105
-99465958
-97815254
-102437153
-341011226
81837413
-153349249
102673754
98952390
28177319
-93559595
277998050
-43386357
92738373
32415870
30328548
-27227326
-255045202
-135358110
-156268898
32590991
-8859681
120158241
53428643
353467736
142789193
-80123205
27358823
-120706033
-144480557
-207995930
-94291875
-413203745
-38533467
-382206753
-428718111
-97481640
2706239
41325629
-163436997
-119921816
-92784833
-378241905
132513131
-440556494
-40593051
-281457136
-100849152
-361685440
-252398050
-61218467
-222546961
3777299
-115866282
246245278
-97318686
123255268
-66690782
80783104
276639019
19403633
-20805978
-515900077
-199256093
211748260
173544120
-364568062
