16644,16265,18954,19985,14261,11804,19307,13602,19854,11315,17449,18782,14675,10629,16323,18615,13715,13663,14722,17988,18871,16376,12070,19772
18464,15075,13058,13849,14871,15040,15946,15680,17296,12657,13799,13697,13595,14087,14580,14198,19187,10431,19201
19864,15405,16465,12998,14357,10423,14640,15660,11754,10757,15775,11609,17067,10567,12177,11064,11883,13077,16484,12628
17644,18155,13825,10454,14007,15081,13479,14960,12805,14076,14824,10545,17532,15184,18169,18333,15493,16260,17190,13163,16346,14288,11587,19067,10926,11827,18343,11036,10593,13750,10614,16335,13188,19542,14141,17024
13108,17314,16082,12606,18845,13717,11782,15054,15117,15601,11301,12201,15026,17568,13398,11431,18999,19896
13497,18048,16822,16041,13566,11925,16863,11842,12824,15212,17012,14719,13716,17836,11899,19066,11611,19201,16452,18342,10352,14675,18314
19477,15368,15056,13564,12821,18720,13222,11973,12872,11011,15302,11770,14118,10208,10461,10296,15939,19296,15305,12818,16082,15683
13499,16405,11928,11822,19201,12937,10402,12957,14340,14399,10559,19387,17015,16488,12414,13296,19160,17486,17469
10504,11718,16489,15605,15216,14828,17727,14873,19441,19788,18730,17672,14548,15901,13319,15858,18398,18112,10909,13076
19993,17857,16324,10611,19919,12494,18560,12204,15739,18447,10755,12854,14954,18821,17473,13346,11359,10333,16898,13129,16822,11335,14936,16375,11088,15166,17943,12361,15289,18396
16507,11970,19298,18229,12465,17622,11630,17618,18681,17600,16520,13282,10954,16463,16654,16709,10500,11089,15026,18172,16457,11091,15118,12001,11203,17806,11856,18109,17990,17871,12022,19060,12515,14600,14347,17964
12789,19659,18973,13895,12719,19616,11267,15533,16416,10511,18412,16400,12427,18288,16971,18669,13804,11557,11081,13051,19299,16297,17168,13157,18576,15115,16597,13072,19518,10987,16635,14658,14416,15410,16987
11751,11615,10701,11806,19024,16552,14415,13630,19901,12951,17434,19800,10720,13162,14762,15954,17528,14012,10496,10875,10740,13458,16620,17397,18175,12487,12332,14030,12330,16909,11014
10287,15623,19700,11602,12696,12474,12253,10454,11116,18286,13456,15536,13731,12409,18477,12391,16969,15993,15567
15096,10924,16532,13125,17904,16954,17750,12101,16773,11034,17713,18165
15696,16049,18142,17434,11260,14495,11792,12930,18511,13050,17984,19865,16008,15611,12422,18767,16929,14258,19429,13106,13957,12765,17784,15228,13508,11597,15712,15349
14919,19362,13451,14805,16471,10653,16487,19023,10357,15532,12985,16672,19489,13670,19879,16780,15351,17788,15282,16767,18252,15086,13839,11433,10550,15111,18524,11053,12556,14570,15253,12354,16819,13382,19631,18017,14760,18898
14603,14967,17336,18801,12129,16687,15896,15106,15249,10719,14990,13569,17821,16011,15145,13974,10220,11459,10608,15679,10495
15173,15173,16775,12959,16636,16512,13553,12062,12927,18060,11808,11480,13060,11995,15815,13098
19878,19203,12905,19760,16088,17050,12465,15757,11555,15642,11763,12754,10831,19423,12867,17885,19505,19167,17349,15532,18896
12858,15192,16983,15851,10563,19651,19082,17471,13812,11789,13641,12862,16766,15767,16368,16547,11724,11310,13336,13728,11044,15489,19934,14870,12644,17963,16643,13648,11866,16268,15663,10832,19760,17051,13313,13408,19379
16886,15577,18872,18072,17974,18729,13914,13972,11770,11484,16191,15627,15064,14238,13413,13498,14802,16145,17489,12849,11288,13041,13290,15235,18800,11771,12402,11476,18289,12215,10734,16012,10684,10329,10793,16061
18961,16274,13785,15895,10864,13484,11548,11179,18591,14664,17889,13047,17597,12123,13755,13328,18752,11061,11293,19767,18005,13004,16806,14439,12073,16934,16775,11380,11167,17908,18502,17643,11678,19492,10864,12341
19462,11551,11747,16647,12163,14406,15193,16279,17366,16260,11170,12513,13068,10461,10499,18587,18615,13668,15937,13273,13066,18269,15047
17549,12153,12794,16944,17536,18533,13557,15873,14176,13052,16438,11649,17636
17374,12881,10978,17867,18948,10570,11781,13280,19801,15954,19885,15379,19360,15364
15178,15839,12008,11403,18285,19589,11249,17201,12467,19517,18286
18612,18025,14383,18462,11238,14922,19980,10546,13876,16740,10460,15462,19997,16815,19136,17013,12927,16918,10248,15636,18112,14482
13349,13375,13318,12213,15049,19645,15895,18774,13680,11849,15214,12586,14325,13672,11832,17467,11441,10714,14874,13609,14336,18809,12988,11299,12952,19088,11959
15539,11016,15731,15236,10565,10328,18324,14793,15038,12403,11622,12872,12924,17263,17706,19072,18991,15368,17608,16057,11849,11445,16347,14464,14252,11660,18176
15525,17671,12613,18647,14692,19381,15218,15962,11952,18109,12572,12127,18472,15512
19860,18246,17960,13069,19223,16536,16078,15620,10511,15919,17818,15975,13745,11516,17059,18546,15640,17436,17019,15137,11607,10232,16875,13628,10797,19269,15017,14393
19676,13480,12555,17588,15236,19038,19547,19448,18046,14715,13172,15371,15171,17227,14407,14427,15082,15803,14749,13209,17555
16821,16221,13350,12829,16984,11874,10225,18541,18858,15780
11458,16663,13245,16268,19080,18282,15323,17389,19456,13740,19191,15324,19881,19185,18490,14991,17029,14626,11176,19598,18041,18326,19873,12454,18969,10255,12169,16745,13965,18832,14264,14063,16121,12396,11382,15331
13785,11536,14131,11215,12048,16647,18348,14839,13815,12792,17966
16578,19880,11025,11095,12465,12951,11199,15615,15435,15675,18926,16273,17230,11299,18576,17893,17956,13429,13222
18558,14654,14480,13480,19020,10680,12275,14716,17158,13435,15349,19907,11795,13578,14038,10629
11364,19771,15759,14416,15795,14982,17131,16334,17020,18567,12967,12057,14166,11057,17908,10457,16423,15420,13667,13695,13724,10518,19929,11043,13084,19566,19682,11546,12672,18644,14609
11235,10693,13776,15272,12132,15146,18116,12699,19703,10259,10610,12808,16931,17474,17382,11789,16237,19988,14884,11827,16476,16053
11341,12987,18075,10419,15849,17496,16281,10956,12653,12318,14835
15327,16604,11472,16995,15145,11469,13218,14058,18714,12586,10786,12382,16131,17066,17260,18161,19062,15222,12573,11193,16147,11218,18073,13538,10667,18726,17526,11041,12733,16106,13172,10224,13477,18145,14553,14025
14743,17127,13310,13279,17644,13079,19960,11576,14899,18020,17354,13752,13926,11810,13984,16149,17777,19406,16019,14716,12188,18805
18194,15993,17599,13134,16149,15683,15060,12811,11336,10598,15542,17751,19512
12863,17575,17703,12171,12608,15601,10400,14519,13033,18893,13972,10521,15047,16851
11432,12954,10421,10701,13175,13826,10553,14774,17163,13215,13944,16669,10441,10215,15412,15753,12190,17470,13278,10498,11991,16438,15184,18743,16605,11531,14318,11914,18865,10621,13409,19934,18428,17132,14464
13645,13408,17301,18525,19667,13827,17725,17163,12540,18800,15269,19466,15984,17689,18661,15333,12065,12170
10380,15925,18985,14165,17381,17976,14596,18765,17048,13188,14039,13725,13411,16101,19146,16611,13479,17166,17140,17114,19520,19100,16028
16184,12867,16912,10589,14209,13923,13390,13921,17482,11534
17581,10447,17247,15958,12807,11636,13988,18021,16444,15012,14822,18506,13551,15400,12951,13478,14873,10949,18772
12578,15296,11922,18834,11116,19618,17883,11037,19328,19312,10715,10229,11656,14577,17498,14618,11040,12777
18191,11382,18603,12763,16611,10206,11733,10862,17624,12999,12526,13503,17156,15080,13005,12538,12071,19254,14566,15961,12260,17958,17804,19934,14510,15711,13487,18445,17080,17770,18213,16887,13106,15345,11344,11503
16011,13042,11198,14411,19222,15133,13245,16642,19031,16521,14012,18442,12091,13154,14301,14873,19767,12681,19451,19474,15050,18347,12930,15116,15534,10595,12809,11638,18857
11057,10851,17823,16683,19621,15946,13351,10756,12603,17679,14864,12249,15355,12634,17556,16608,17489,10802,19406,15080,10755,16628,16696,11131,19241,17066,18079,16847,16009,16386,19655,12590,17662,16129,13649,13315,17559,16233,18886,11025,12038
15077,18168,10804,11839,15511,11436,17417,13005,18354,13020,11580,19207,16531,16764,16997,10237,11981,10664,11525,15545,17280,19959,10308,19731,11727
14430,16409,14559,11286,17017,15777
14338,14250,16858,12171,12995,12154,17875,11928,16703,12533,14742,19408,18231,18443,18656,12545,12001,17882,19443,17624,15005,11735,16015,10876,15010,12186,10884,11354
16005,13586,13373,16925,10384,18705,18326,13266,11893,17592,19644,16596,10209,16801,16852,16637,16580,17049
11201,15476,19950,18882,16784,10952,18783,12562,18816,15360,11240,16516,18914,18987,19872,12142,13187,16871
11711,13707,19606,14676,15004,13215,19538,17336,17380,13426,13566,16633,15431,16224,16837,18412,17442,17972,12587,16206,11053,15750,17176,15607,14039,18086,16374,13519,18051,15947,13143,18292
10738,14478,14842,10235,15276,11170,11006,16374,19882,16546,13210,17412,15537,10834,10426,18968,11259,17408,16948,10857,10472,18170,18375
14482,17691,15969,10387,14294,13306,12044,14433,14110,17224,16919,16615,10537,14058,18234,17876,12192,11690,13638,13137,19515,15792,13168,15829,10433,13135
14047,19214,19955,11023,11902,15478,14427,11146,14760,11080,11715,17337,13584,10488,16362,18397,10850,13602,12638,16633,15843,11500,19715,13175,10363,13595,11392,13131,11908,14052,16782,14362,15835,16697
18541,13388,12025,11407,15249,16966,13939,13160,13642,14211,18036,17672,14407
19912,14484,12640,10347,16115,15485,19979,10545,14232,11165,12098,11035,13290,16283,18876,15511,15205,14916,10639,14702,13480,12790,12100,14608,14335
14232,13447,14172,18203,16452,11136,13296,17556,19001,10596,16067,10560,18452,10687,18723,16196,18105,17108,11066,17498,15949,17307,19861,19992,19245,17643,18338,17917,10774
14417,13038,19089,11775,12812,12558,12305,14665,18513,13508,12260,10878,12723,19639,12748,16563,19972,17687,18865,12420,10796,10558,18154
12257,13590,19624,12326,11973,13474,12660,19694,12949,18556,16306,13254,14902,17944,19466,13113,16706,10439,12416,12958,16509,14296,14089,19492,17076,18958,18227,12003,10979,14098,14844,15883,12277,12646,17165,15891
14730,10965,14238,13428,19334,19507,12722,14819,17328,19838,16609,13869,10401,13497,14635,18537,12037,12291,19589,11715,15611,15813,12032,19468,11062,10793,18781
17756,17118,15630,19671,16300,15089,12075,12916,15516,16747,17979,11627,12584,15729,12487,10818
17854,17039,14451,15674,18366,11450,11761,19089,13187,14253,19732,10956,12746,13921,17842,15832,16696,13197,14499,10326,12654,12644,18533,13765,15432
19588,16717,13931,11720,15606,18091,13860,12738,19735,18987,14870,13116,14147,14852,11694,14703,12214,11891,16005,16655,19100,16087
19616,12043,11991,10914,13135,14394,15654,14965,18824,19060,13183,15735,14552,13357,14414,15472,18339,17681,13139,15344,13706
18182,18455,17796,13110,14848,11756,11887,13538,16285,13405,10835,13688,13195,11796,16045,15713,18816,11327,10596,17032,12531,14490,19385,14782,17500,14047,11711,19866,17340,17925,18448,19208,19907
19272,14398,11031,13918,11647,19618,11041,16514,14515,15679,16110,11067,13434,16695,12709,15197,11491,17838,10489,12640,17385,16419,13997,13588,14431,12528,18106,12314,11534
18857,12400,17003,18619,18824,13415,16939,12174,18041,19834,15296,12908,13558,17530,10910,16076,18935,12743,14107
18109,17165,11499,15145,16459,11932,19920,13652,16278,15329,12459,19084,11503,14356,19777,10335,15289,15123,14434,12730,19335,18932,19956,18939,15429,15466,10637,16330,16608
12447,13910,13320,12873,17040,17732,10971,16841,11646,12853,11558,12080
13866,18485,19415,15153,14464,12293,11689,11086,13582,16079,19193,13693,13884,16832
13096,13274,17149,11339,12290,19197,14162,11354,16078,11387,14719,13169,10853,12345,12150,11956,18586,11588,15904,17700,16518,11388,12292,15973,13125,15073,12568,16475,13677,15750,15717,14883,11757
18150,13678,19435,11324,11708,15014,14772,11594,13544,11043,11308,18732,17613,14651,17486,15101
17576,12096,17024,19239,11743,16299,17089,16695
13965,17554,12738,17978,17448,16919,13097,12994,14197,15580,15382,15750,15046,12372,15147,17308
11072,11727,19628,16376,13053,12658,13249,19468,16332,15813,10640,17187,19399,13392,12945,17999,17278
19109,11771,18165,11063,14966,12528,15482,13368,19002,16973,10663,12337
18613,11849,13388,12157,17797,11705,12122,15594,17132,19300,14507,15505,10493,19867,17846,16443,12136
10859,16099,19707,17735,18134,17402,19334,14493,14348,16275,13948,10243,14676,11253,10522,18320,19408,14736,17434,18240,19046,17500,12707,18703,10728,10597,18326
10713,17921,14251,18650,12053,12217,14803,14675,16153,13524,12390,11180,13348
14173,18777,10806,12938,13138,15528,16217,17592,17767,17942,13818,13356,15580,17735,18825,12765,10993,19085,17748,14335,15413,11398,14915,13046,19709,10980,14340,19817,13021,14716,11275,19085,17638,16191,10464,12577,13235,13351
12588,19701,15386,16334,15301,11157,19448,15965,13113,10211,13216,11301,11218
